3.846153846154e-01 3.846154491617e-01
3.760683760684e-01 3.760684474918e-01
3.504273504274e-01 3.504274568964e-01
3.418803418803e-01 3.418804642646e-01
3.760683760684e-01 3.760684459517e-01
4.358974358974e-01 4.358974736664e-01
3.846153846154e-01 3.846154514827e-01
4.102564102564e-01 4.102564603456e-01
4.273504273504e-01 4.273504706508e-01
4.444444444444e-01 4.444444838417e-01
3.846153846154e-01 3.846154527910e-01
4.188034188034e-01 4.188034656023e-01
4.700854700855e-01 4.700855033563e-01
4.188034188034e-01 4.188034677902e-01
4.102564102564e-01 4.102564631872e-01
4.615384615385e-01 4.615384968845e-01
4.273504273504e-01 4.273504729641e-01
4.615384615385e-01 4.615384983534e-01
4.102564102564e-01 4.102564637595e-01
4.444444444444e-01 4.444444844209e-01
4.444444444444e-01 4.444444840635e-01
4.871794871795e-01 4.871795206078e-01
4.102564102564e-01 4.102564648060e-01
4.358974358974e-01 4.358974792354e-01
4.615384615385e-01 4.615384975080e-01
4.786324786325e-01 4.786325130721e-01
4.871794871795e-01 4.871795217893e-01
4.786324786325e-01 4.786325149588e-01
4.444444444444e-01 4.444444881054e-01
4.102564102564e-01 4.102564641880e-01
4.017094017094e-01 4.017094582831e-01
3.931623931624e-01 3.931624521607e-01
4.358974358974e-01 4.358974755666e-01
4.188034188034e-01 4.188034655667e-01
4.188034188034e-01 4.188034653671e-01
4.529914529915e-01 4.529914895446e-01
4.188034188034e-01 4.188034667038e-01
4.358974358974e-01 4.358974774443e-01
4.871794871795e-01 4.871795189341e-01
5.299145299145e-01 5.299145585072e-01
4.786324786325e-01 4.786325161119e-01
4.700854700855e-01 4.700855079886e-01
4.957264957265e-01 4.957265289964e-01
4.700854700855e-01 4.700855070441e-01
4.786324786325e-01 4.786325142329e-01
4.871794871795e-01 4.871795209001e-01
4.529914529915e-01 4.529914933466e-01
4.358974358974e-01 4.358974802519e-01
4.529914529915e-01 4.529914911620e-01
4.358974358974e-01 4.358974787125e-01
4.358974358974e-01 4.358974780326e-01
5.128205128205e-01 5.128205420963e-01
5.042735042735e-01 5.042735365592e-01
5.213675213675e-01 5.213675539118e-01
5.128205128205e-01 5.128205463553e-01
4.871794871795e-01 4.871795242662e-01
4.529914529915e-01 4.529914943965e-01
4.957264957265e-01 4.957265268261e-01
4.700854700855e-01 4.700855058851e-01
5.042735042735e-01 5.042735359087e-01
4.871794871795e-01 4.871795209540e-01
5.470085470085e-01 5.470085752533e-01
5.128205128205e-01 5.128205463217e-01
4.529914529915e-01 4.529914951568e-01
4.615384615385e-01 4.615384989249e-01
4.700854700855e-01 4.700855047331e-01
4.786324786325e-01 4.786325126133e-01
4.700854700855e-01 4.700855065639e-01
4.444444444444e-01 4.444444859878e-01
4.615384615385e-01 4.615384979077e-01
4.188034188034e-01 4.188034668720e-01
4.358974358974e-01 4.358974770350e-01
4.529914529915e-01 4.529914898432e-01
4.957264957265e-01 4.957265262985e-01
5.384615384615e-01 5.384615668579e-01
5.213675213675e-01 5.213675543225e-01
4.700854700855e-01 4.700855093213e-01
4.786324786325e-01 4.786325146055e-01
4.871794871795e-01 4.871795208035e-01
4.529914529915e-01 4.529914927289e-01
4.615384615385e-01 4.615384993071e-01
4.871794871795e-01 4.871795201686e-01
5.042735042735e-01 5.042735362778e-01
4.358974358974e-01 4.358974811996e-01
4.786324786325e-01 4.786325135866e-01
5.470085470085e-01 5.470085739148e-01
5.811965811966e-01 5.811966070274e-01
6.239316239316e-01 6.239316424936e-01
6.068376068376e-01 6.068376326182e-01
5.384615384615e-01 5.384615743911e-01
5.897435897436e-01 5.897436167541e-01
5.128205128205e-01 5.128205481923e-01
4.871794871795e-01 4.871795239238e-01
5.811965811966e-01 5.811966049582e-01
6.581196581197e-01 6.581196449796e-01
6.495726495726e-01 6.495726553159e-01
5.641025641026e-01 5.641025997263e-01
5.042735042735e-01 5.042735429433e-01
4.957264957265e-01 4.957265311690e-01
5.128205128205e-01 5.128205443384e-01
5.042735042735e-01 5.042735371757e-01
5.042735042735e-01 5.042735376588e-01
5.128205128205e-01 5.128205452815e-01
5.811965811966e-01 5.811966062272e-01
6.581196581197e-01 6.581196479215e-01
7.606837606838e-01 7.606826571756e-01
6.923076923077e-01 6.923076277411e-01
6.923076923077e-01 6.923076267804e-01
6.239316239316e-01 6.239316507673e-01
5.470085470085e-01 5.470085852284e-01
5.555555555556e-01 5.555555881464e-01
4.700854700855e-01 4.700855105468e-01
5.042735042735e-01 5.042735374560e-01
5.128205128205e-01 5.128205441006e-01
5.213675213675e-01 5.213675534464e-01
5.470085470085e-01 5.470085766916e-01
5.213675213675e-01 5.213675553083e-01
5.811965811966e-01 5.811966084930e-01
6.581196581197e-01 6.581196471215e-01
7.435897435897e-01 7.435891541038e-01
6.324786324786e-01 6.324786568782e-01
5.128205128205e-01 5.128205543730e-01
5.811965811966e-01 5.811966089394e-01
6.581196581197e-01 6.581196470760e-01
7.008547008547e-01 7.008545860233e-01
5.384615384615e-01 5.384615784189e-01
5.726495726496e-01 5.726496045306e-01
6.410256410256e-01 6.410256473755e-01
6.923076923077e-01 6.923076120540e-01
6.581196581197e-01 6.581196590452e-01
7.008547008547e-01 7.008545942431e-01
5.555555555556e-01 5.555555945062e-01
4.871794871795e-01 4.871795287795e-01
5.128205128205e-01 5.128205454055e-01
6.068376068376e-01 6.068376256470e-01
5.470085470085e-01 5.470085792668e-01
5.384615384615e-01 5.384615720750e-01
5.641025641026e-01 5.641025935857e-01
5.042735042735e-01 5.042735399373e-01
5.641025641026e-01 5.641025926777e-01
5.555555555556e-01 5.555555856963e-01
5.641025641026e-01 5.641025951747e-01
5.641025641026e-01 5.641025950609e-01
5.555555555556e-01 5.555555874324e-01
5.470085470085e-01 5.470085794007e-01
5.470085470085e-01 5.470085788973e-01
5.470085470085e-01 5.470085788528e-01
6.068376068376e-01 6.068376292815e-01
6.752136752137e-01 6.752136396554e-01
6.410256410256e-01 6.410256544404e-01
6.068376068376e-01 6.068376356345e-01
6.837606837607e-01 6.837606305336e-01
6.923076923077e-01 6.923076156564e-01
7.863247863248e-01 7.863219851596e-01
7.350427350427e-01 7.350423367214e-01
7.264957264957e-01 7.264954437558e-01
5.726495726496e-01 5.726496123892e-01
5.555555555556e-01 5.555555911490e-01
5.726495726496e-01 5.726496019490e-01
5.555555555556e-01 5.555555872309e-01
5.982905982906e-01 5.982906228823e-01
5.641025641026e-01 5.641025952434e-01
5.128205128205e-01 5.128205486609e-01
5.726495726496e-01 5.726495998348e-01
6.068376068376e-01 6.068376287804e-01
5.726495726496e-01 5.726496035735e-01
5.555555555556e-01 5.555555882105e-01
5.982905982906e-01 5.982906237081e-01
6.495726495726e-01 6.495726506779e-01
6.239316239316e-01 6.239316459353e-01
6.410256410256e-01 6.410256537516e-01
5.811965811966e-01 5.811966140425e-01
5.897435897436e-01 5.897436193798e-01
6.068376068376e-01 6.068376315581e-01
6.666666666667e-01 6.666666483893e-01
7.264957264957e-01 7.264954202082e-01
6.752136752137e-01 6.752136548215e-01
6.324786324786e-01 6.324786560736e-01
6.239316239316e-01 6.239316484530e-01
6.495726495726e-01 6.495726545140e-01
6.495726495726e-01 6.495726552432e-01
6.068376068376e-01 6.068376349226e-01
5.811965811966e-01 5.811966128582e-01
5.897435897436e-01 5.897436181303e-01
6.495726495726e-01 6.495726509915e-01
5.811965811966e-01 5.811966131312e-01
6.324786324786e-01 6.324786484949e-01
6.068376068376e-01 6.068376323598e-01
6.324786324786e-01 6.324786488394e-01
6.324786324786e-01 6.324786498951e-01
6.581196581197e-01 6.581196554814e-01
6.410256410256e-01 6.410256553662e-01
6.581196581197e-01 6.581196570388e-01
6.495726495726e-01 6.495726575193e-01
6.153846153846e-01 6.153846428683e-01
6.837606837607e-01 6.837606343953e-01
6.239316239316e-01 6.239316482222e-01
6.666666666667e-01 6.666666548330e-01
7.008547008547e-01 7.008545917517e-01
6.923076923077e-01 6.923076228083e-01
6.068376068376e-01 6.068376388579e-01
6.410256410256e-01 6.410256553075e-01
6.837606837607e-01 6.837606340107e-01
7.264957264957e-01 7.264954262666e-01
6.752136752137e-01 6.752136540101e-01
7.094017094017e-01 7.094015603758e-01
7.264957264957e-01 7.264954336728e-01
7.521367521368e-01 7.521359927321e-01
6.495726495726e-01 6.495726661200e-01
6.239316239316e-01 6.239316514992e-01
6.581196581197e-01 6.581196545564e-01
6.239316239316e-01 6.239316459169e-01
6.410256410256e-01 6.410256538321e-01
6.837606837607e-01 6.837606315190e-01
6.752136752137e-01 6.752136477953e-01
6.153846153846e-01 6.153846433627e-01
6.153846153846e-01 6.153846401223e-01
6.239316239316e-01 6.239316439845e-01
6.153846153846e-01 6.153846392563e-01
6.495726495726e-01 6.495726537788e-01
6.837606837607e-01 6.837606321057e-01
7.435897435897e-01 7.435891679076e-01
7.692307692308e-01 7.692293160429e-01
7.094017094017e-01 7.094015697173e-01
7.179487179487e-01 7.179485132670e-01
6.923076923077e-01 6.923076239092e-01
6.752136752137e-01 6.752136513695e-01
6.410256410256e-01 6.410256560125e-01
5.982905982906e-01 5.982906284652e-01
5.726495726496e-01 5.726496024466e-01
5.811965811966e-01 5.811966079191e-01
5.811965811966e-01 5.811966073245e-01
5.811965811966e-01 5.811966079466e-01
5.726495726496e-01 5.726496004077e-01
6.153846153846e-01 6.153846328051e-01
6.324786324786e-01 6.324786433442e-01
6.581196581197e-01 6.581196499575e-01
5.982905982906e-01 5.982906255286e-01
6.324786324786e-01 6.324786452808e-01
6.410256410256e-01 6.410256488348e-01
6.752136752137e-01 6.752136395191e-01
6.068376068376e-01 6.068376323483e-01
6.410256410256e-01 6.410256501354e-01
5.811965811966e-01 5.811966094838e-01
5.897435897436e-01 5.897436153807e-01
6.068376068376e-01 6.068376268628e-01
5.726495726496e-01 5.726496006116e-01
5.811965811966e-01 5.811966068106e-01
5.726495726496e-01 5.726495988692e-01
5.470085470085e-01 5.470085763711e-01
5.726495726496e-01 5.726495976617e-01
6.495726495726e-01 6.495726430753e-01
6.581196581197e-01 6.581196472661e-01
5.897435897436e-01 5.897436185029e-01
5.811965811966e-01 5.811966090478e-01
5.641025641026e-01 5.641025914777e-01
5.726495726496e-01 5.726495983104e-01
5.384615384615e-01 5.384615665496e-01
5.555555555556e-01 5.555555806428e-01
5.213675213675e-01 5.213675497090e-01
5.384615384615e-01 5.384615643073e-01
5.641025641026e-01 5.641025866465e-01
5.384615384615e-01 5.384615652761e-01
5.470085470085e-01 5.470085727822e-01
5.811965811966e-01 5.811966017865e-01
4.871794871795e-01 4.871795194530e-01
5.128205128205e-01 5.128205400349e-01
5.299145299145e-01 5.299145539179e-01
5.641025641026e-01 5.641025859429e-01
5.128205128205e-01 5.128205415618e-01
5.128205128205e-01 5.128205400973e-01
5.299145299145e-01 5.299145547305e-01
5.128205128205e-01 5.128205395426e-01
5.128205128205e-01 5.128205394187e-01
5.213675213675e-01 5.213675461803e-01
4.957264957265e-01 4.957265241949e-01
5.299145299145e-01 5.299145542203e-01
5.042735042735e-01 5.042735313008e-01
5.299145299145e-01 5.299145543717e-01
5.299145299145e-01 5.299145547307e-01
5.213675213675e-01 5.213675468185e-01
5.555555555556e-01 5.555555773500e-01
4.957264957265e-01 4.957265246619e-01
5.128205128205e-01 5.128205385017e-01
5.555555555556e-01 5.555555759927e-01
5.811965811966e-01 5.811966004232e-01
5.042735042735e-01 5.042735469419e-01
4.871794871795e-01 4.871795259281e-01
4.871794871795e-01 4.871795136190e-01
5.555555555556e-01 5.555555739232e-01
5.555555555556e-01 5.555555755235e-01
4.957264957265e-01 4.957265237403e-01
5.213675213675e-01 5.213675452504e-01
5.384615384615e-01 5.384615597744e-01
6.068376068376e-01 6.068376168250e-01
5.555555555556e-01 5.555555784152e-01
5.470085470085e-01 5.470085715592e-01
5.384615384615e-01 5.384615619578e-01
5.042735042735e-01 5.042735307400e-01
4.700854700855e-01 4.700854993400e-01
4.871794871795e-01 4.871795122355e-01
4.700854700855e-01 4.700854969041e-01
4.273504273504e-01 4.273504642248e-01
4.444444444444e-01 4.444444739898e-01
4.700854700855e-01 4.700854949586e-01
4.871794871795e-01 4.871795109227e-01
4.700854700855e-01 4.700854969041e-01
4.615384615385e-01 4.615384894831e-01
4.615384615385e-01 4.615384887709e-01
4.188034188034e-01 4.188034572787e-01
4.444444444444e-01 4.444444736566e-01
4.444444444444e-01 4.444444730555e-01
4.529914529915e-01 4.529914809604e-01
4.102564102564e-01 4.102564514427e-01
4.444444444444e-01 4.444444729684e-01
4.444444444444e-01 4.444444724781e-01
4.444444444444e-01 4.444444740774e-01
3.931623931624e-01 3.931624409654e-01
4.273504273504e-01 4.273504584114e-01
4.188034188034e-01 4.188034517647e-01
3.931623931624e-01 3.931624396325e-01
3.418803418803e-01 3.418804484672e-01
3.589743589744e-01 3.589744327012e-01
3.418803418803e-01 3.418804436697e-01
3.504273504274e-01 3.504274361113e-01
3.076923076923e-01 3.076925288400e-01
3.760683760684e-01 3.760684279117e-01
3.760683760684e-01 3.760684287853e-01
3.675213675214e-01 3.675214315069e-01
3.418803418803e-01 3.418804446423e-01
3.333333333333e-01 3.333334558761e-01
3.333333333333e-01 3.333334542163e-01
2.991452991453e-01 2.991455724732e-01
2.991452991453e-01 2.991455689189e-01
3.333333333333e-01 3.333334499069e-01
3.931623931624e-01 3.931624316639e-01
4.358974358974e-01 4.358974614126e-01
4.188034188034e-01 4.188034524566e-01
3.846153846154e-01 3.846154365590e-01
3.418803418803e-01 3.418804486046e-01
3.504273504274e-01 3.504274368224e-01
3.589743589744e-01 3.589744307078e-01
3.589743589744e-01 3.589744322387e-01
4.017094017094e-01 4.017094381815e-01
4.102564102564e-01 4.102564444436e-01
4.102564102564e-01 4.102564463755e-01
4.871794871795e-01 4.871795060587e-01
3.418803418803e-01 3.418804530695e-01
